62.69796948359205, 102.78951404401718, 
57.09142492200523, 104.92934925824409, 
47.0812160311492, 118.91395815389816, 
57.140414200883896, 109.89637663398709, 
60.063806159245, 117.84153108938153, 
48.56013099055583, 125.37407120551427, 
54.45047484764217, 118.09759741588789, 
59.71596374741499, 106.07094436253573, 
57.42163455959985, 125.02841360991927, 
58.36398325495752, 91.82266957430363, 
49.01608717979676, 112.598302609924, 
49.97574372638602, 112.87616138229652, 
59.45757493145807, 116.48261397273761, 
50.21780811860246, 117.88966908930364, 
55.65189858982292, 122.70890868928974, 
50.51472076859228, 125.37677026003583, 
55.70321105049369, 118.13120475483986, 
48.90617871592136, 116.40033047754076, 
42.4985036009064, 131.43151977069505, 
48.539386749345, 116.37822703435157, 
51.70863236301606, 111.29156114289987, 
48.98414973217093, 113.06654350816093, 
57.295944262033984, 117.90389081871783, 
62.610727248772314, 119.57221300738016, 
64.67334711431235, 106.85919334240945, 
47.623888378987886, 114.73471828541734, 
66.32579155836088, 128.57057310562197, 
53.22064659965562, 116.65660574938377, 
55.11668057052358, 104.10969355048391, 
57.90779594186753, 121.22162142475, 
54.64381551974235, 121.82534184617708, 
52.73336594668774, 111.26728748154237, 
50.647717652980916, 114.21705637049092, 
48.75234523543566, 118.69461519710777, 
50.06408671780638, 121.52525357503409, 
53.96658661041921, 120.19589427809404, 
42.636687114357386, 109.48690043014551, 
54.11054735390667, 125.96667818444918, 
50.925343937266035, 117.29589447305725, 
48.7626580526979, 108.92496192906634, 
56.69787255889803, 119.00116351625289, 
52.9118520229001, 127.64675568783399, 
54.83910903635814, 110.08771091559204, 
42.369029282730764, 119.57483611683503, 
57.92573569698069, 104.60046587407192, 
41.338806262438816, 116.1021357966558, 
57.659758816942244, 120.80885734835184, 
52.99826815665625, 111.7174403788524, 
53.67083587520277, 109.72533744133304, 
58.84403382196575, 93.54180595609554, 
59.48203140487682, 107.48514465982419, 
63.35503893277054, 110.05782640977024, 
56.65454956019155, 119.23828291779058, 
57.0557287009067, 107.94868334433973, 
48.921403087944434, 112.09159566818043, 
47.107781180045656, 123.39967891992528, 
53.39579500876982, 107.17732386499931, 
59.42202544944803, 115.89827240442617, 
56.69214522327388, 109.57473757534954, 
62.27660183113982, 113.77524461984882, 
45.48655117900799, 111.56371787360392, 
54.43630303186249, 111.14007677845768, 
51.27309882685353, 113.18477279250345, 
46.98012697507875, 124.88436040045329, 
50.03506936551451, 114.42961869890762, 
63.61352000666412, 120.9945217262742, 
43.548597049941186, 105.52645071673682, 
41.44804369742013, 123.57613428849221, 
56.1777843680037, 117.77295860677461, 
53.70821789446316, 130.84740860183612, 
63.45848321228931, 108.78670824471287, 
65.83137284475718, 93.71765892298845, 
47.30207589045152, 116.61574910818415, 
56.78244613297757, 110.66719165121101, 
64.91683428877174, 115.04797475849293, 
59.03046496727322, 117.3348038543124, 
49.014687330502156, 118.84273443864221, 
45.4548662488516, 104.98679153138092, 
59.71684639833468, 101.67145513315073, 
52.2893384654874, 109.88640418433165, 
54.3180409223751, 112.4618094387339, 
53.00733799894758, 114.34891416120267, 
42.09399329557179, 105.33902700268223, 
48.610798463479334, 112.97411145645243, 
51.19580128519566, 130.96651645929916, 
52.25419783334373, 120.98192054249449, 
47.69265660091541, 112.82993275168573, 
61.33880532904105, 108.79194318503721, 
54.68305224163813, 132.96838113376796, 
54.32489881228956, 125.9667339402913, 
48.384274580944044, 117.5726051461068, 
55.95196722873621, 113.2002620412983, 
48.29316855230292, 127.61741078913934, 
55.70039253279189, 121.09953866923625, 
50.52100236696339, 130.48477670920525, 
54.89848525733352, 107.52226794638887, 
45.865880252339444, 120.45339998239471, 
53.60476955237507, 120.0839858491796, 
50.86207038632598, 114.59170222862421, 
53.50099832530998, 111.0803413706415, 
58.1478505892562, 112.5045489993404, 
51.05944131681891, 130.66075108682043, 
48.473006464935445, 123.60851171312383, 
64.55367165557759, 109.63423719051217, 
56.04856207808764, 108.6818471863467, 
55.63373938451827, 122.54792101394189, 
56.25711219875777, 128.78741235007027, 
51.64342068971136, 115.33035829265384, 
60.69674882780565, 109.37937557242573, 
66.82786196323181, 114.28231071361631, 
49.20699419048111, 120.10884762517333, 
41.528163486702454, 113.40519362936477, 
56.47708330987614, 121.74044149587283, 
62.2930704968338, 110.1778558781367, 
59.41332302283134, 129.64344581671634, 
55.901829317139146, 109.29612062282185, 
50.79565930884471, 111.40590488120958, 
48.16050274871064, 110.19199590145732, 
65.17294859854003, 114.94351512302008, 
60.54876202945922, 98.4139368179403, 
50.358449162391246, 117.87887585938687, 
53.007280274680056, 124.82137607651845, 
44.549950339995476, 110.43701748541999, 
47.28395012178862, 115.56250930707199, 
50.19112554714104, 106.70185285670648, 
50.625949294195976, 120.54777073961762, 
53.19864984061477, 111.41344779987887, 
58.59120207421382, 119.3474742412079, 
48.515439925469934, 116.58332098545442, 
58.187623524112915, 125.30268569700156, 
62.747249143233034, 123.1620917768429, 
50.666883460759585, 134.69189254596407, 
61.85416351537633, 108.07994593179527, 
48.69995973689315, 120.06643525831677, 
51.536650047371225, 101.25809361385303, 
49.372342942506094, 115.15982342589224, 
62.93038502277356, 116.38463952896385, 
53.94546823391952, 107.45724882778049, 
50.74691516723386, 113.72303888286088, 
45.3089652186386, 133.19833313982517, 
56.66916566945481, 124.59240892727414, 
55.139788124574594, 121.90046769981844, 
55.71105549177474, 116.03406937967918, 
49.69927223729447, 111.77946688510166, 
46.37071428494312, 120.3281492525388, 
53.5458110989032, 125.28498926228299, 
49.77668764157289, 110.89966051624776, 
57.745466748189166, 123.34941330516291, 
59.87403898423965, 109.7864532254801, 
55.27215468455017, 114.81395644875552, 
59.78728335116808, 118.50418438569037, 
58.859381893820235, 116.39557151424185, 
55.62077445360991, 117.9059887979851, 
57.434242803172495, 117.40892625420602, 
64.89909154335359, 122.26988513331621, 
62.85947774259022, 110.80139243030082, 
64.57630472818933, 122.05810943825759, 
54.83731131833034, 121.42751614332613, 
38.76778965728968, 119.14347455942841, 
49.50723419800985, 126.16079603507075, 
53.77820647681907, 125.83347731049602, 
45.29383025049188, 115.7285265654911, 
47.82957890879817, 105.60824875115546, 
61.94277320757062, 119.13576737412191, 
47.367984106760076, 139.88271402783226, 
62.631750117498804, 116.42772175786595, 
59.542787562232974, 129.35598633735088, 
47.12154451403521, 124.98667353969927, 
43.8138894496717, 99.04119439270883, 
67.15525026463295, 114.88685061736223, 
44.01911715660615, 114.84995908379578, 
53.83837751557847, 109.58151927530673, 
42.471963475007044, 120.56024146804947, 
50.406392897523055, 119.0876211568946, 
46.105373476875016, 117.58399749137853, 
50.74089580042122, 111.34824353395685, 
59.00300044646511, 112.3584314273757, 
49.15482753244103, 113.90064179287731, 
62.69798766850817, 107.19192756178869, 
57.48979487376472, 108.14985246245006, 
55.34444803347762, 107.97612449644349, 
58.23376811360234, 111.99858888809436, 
50.560822643567946, 119.58761036339338, 
48.2505659705254, 117.85346190312374, 
53.9829461815415, 115.23117274966013, 
55.65409602917148, 121.90124043100539, 
59.86846083474112, 115.75999291203618, 
50.87504230897012, 126.92939611133268, 
49.80259203301946, 122.28913382296324, 
59.75457136634785, 114.11294791618431, 
63.82486579407168, 116.36803337425187, 
56.8130279194498, 130.46150847295993, 
58.979873543096545, 123.05811454848077, 
58.53635213254534, 120.7344538272769, 
63.88083228438342, 122.593898811792, 
54.324120520758534, 123.03227016834731, 
52.53569603039286, 116.6012512711573, 
55.61760581195693, 130.55707781568768, 
65.78340858184659, 113.40619670994586, 
50.62196318273618, 103.30653603182144, 
47.688172051398126, 112.63304929617719, 
58.68874487349338, 103.2635121591901, 
59.96733256647697, 116.88502618588076, 
48.991941763867246, 126.4287556107558, 
52.5748227676168, 116.27923877931595, 
55.28789387345606, 133.28484824287167, 
56.59566733154211, 126.09074482432973, 
50.14234793884321, 103.97032737225825, 
56.37427889423976, 104.40631876864434, 
47.371255024267406, 110.82921125344133, 
48.52893670605461, 120.72909320921364, 
52.20937914721941, 112.63379418404963, 
53.966761940121685, 105.50067885878924, 
44.28803805520464, 108.65900813068949, 
42.174189268885854, 129.43365599471505, 
65.73877800611118, 118.04662788929313, 
59.73028240201479, 125.44220287915684, 
53.37018413477043, 124.2581355346814, 
56.52816499239216, 119.86095908027265, 
62.45400442614973, 128.01923837950565, 
53.46339439004731, 123.1703695319646, 
45.997496088958144, 115.32216577277381, 
43.23674916518709, 123.61976396942725, 
49.913636833003544, 106.4883824018528, 
46.140913480122826, 119.77936517464053, 
50.00141127695134, 122.03827326853356, 
51.37445231913544, 112.40735598408634, 
56.26597656316679, 119.43578586096541, 
57.64032649136031, 129.22256409511857, 
57.9017924569371, 123.8702850073334, 
54.323797427717075, 120.87723593533298, 
54.274791927741155, 102.61299970691904, 
65.45548092731075, 104.9031236554079, 
49.930997508156864, 103.72843880607657, 
45.74664405870073, 113.940030362585, 
42.678473210968896, 117.10360969432698, 
46.584225959930805, 102.17445244733624, 
67.01740990297353, 99.90550038782203, 
58.66735512082643, 129.11161264230054, 
50.32718006729842, 116.66182420953437, 
43.664582393146716, 114.98626127887943, 
54.94326565961206, 117.386913166975, 
46.45693021034498, 128.6772590201248, 
49.63309778641373, 130.37978397973538, 
50.65703254406447, 102.58146657023339, 
58.599461073685355, 126.7336106632279, 
57.29199546239018, 122.2338860442231, 
59.95786086766901, 117.68493010385083, 
50.66384003235751, 103.40575373614625, 
47.998007850328506, 112.55134230984473, 
65.82355485992436, 111.42109823667425, 
54.8004234294356, 111.06896300160456, 
48.824188956630195, 93.81033285464059, 
61.64149941352293, 121.79861669881888, 
51.109299988795414, 110.44268249515619, 
69.14743691680191, 113.76521323674439, 
54.037491709594185, 116.78348409652554, 
57.6571013258377, 111.81491517165301, 
52.939229015893545, 115.13892930887509, 
60.19582292266422, 114.45119325973064, 
49.78288966347043, 106.86414887058311, 
51.69850305483547, 109.93164084030622, 
62.34161275056995, 108.37128319890257, 
42.05939497548414, 115.56509654162221, 
55.2058820443975, 121.81673737944222, 
64.34077662457963, 118.46628593589384, 
