68.0, 181.46155768759036, 
68.0, 187.31988687549548, 
68.0, 183.81703624925353, 
68.0, 180.0682623303815, 
68.0, 183.93866490769483, 
68.0, 186.41612518590313, 
68.0, 188.70612333842806, 
68.0, 181.81687542280423, 
68.0, 186.46045626651673, 
68.0, 185.62796195060344, 
68.0, 192.00943665377227, 
68.0, 190.47961955896633, 
68.0, 186.48968525860488, 
68.0, 187.5609167411394, 
68.0, 186.20914810120487, 
68.0, 181.1098510702036, 
68.0, 182.89747078324513, 
68.0, 184.94142276942716, 
68.0, 190.07457728997068, 
68.0, 184.99742489721328, 
68.0, 185.92206936005343, 
68.0, 192.25419780892702, 
68.0, 185.78612128554343, 
68.0, 189.665799123292, 
68.0, 182.79514902164547, 
68.0, 188.42208581656467, 
68.0, 186.0173691614373, 
68.0, 184.85902778056027, 
68.0, 189.13337492746263, 
68.0, 184.37042715356625, 
68.0, 183.8662789639495, 
68.0, 182.46926315831527, 
68.0, 186.1058726302079, 
68.0, 186.43916182038234, 
68.0, 184.12723893429444, 
68.0, 181.5480522891197, 
68.0, 184.30867920006494, 
68.0, 191.15607845323228, 
68.0, 182.52557020480054, 
68.0, 189.13870129669968, 
68.0, 190.210759245475, 
68.0, 183.0946831047511, 
68.0, 188.69542373997785, 
68.0, 181.93445498995285, 
68.0, 187.597494612506, 
68.0, 187.9339400543705, 
68.0, 182.70520448573714, 
68.0, 178.98387116731155, 
68.0, 189.93369024086587, 
68.0, 186.39338125047828, 
68.0, 188.01491119886583, 
68.0, 182.92644650065523, 
68.0, 185.6328337161917, 
68.0, 185.44728044550195, 
68.0, 178.38637555178016, 
68.0, 188.2704314473376, 
68.0, 179.1419821424007, 
68.0, 191.46779952742753, 
68.0, 192.25551598381327, 
68.0, 187.1006628962053, 
68.0, 181.98105563925955, 
68.0, 188.53097076952997, 
68.0, 188.09977937939874, 
68.0, 184.29254926423323, 
68.0, 186.03199682297156, 
68.0, 186.16652016399848, 
68.0, 185.78777273286363, 
68.0, 186.85866485984928, 
68.0, 194.41503024106882, 
68.0, 188.91824506966887, 
68.0, 187.88470622014398, 
68.0, 188.71277258781492, 
68.0, 190.50457675097985, 
68.0, 189.32534388998778, 
68.0, 187.21938750550194, 
68.0, 185.86819049942596, 
68.0, 182.8203355357728, 
68.0, 188.80858503539986, 
68.0, 186.88599843031855, 
68.0, 184.04805113250328, 
68.0, 185.31493041687116, 
68.0, 185.106740253983, 
68.0, 182.52716685166652, 
68.0, 180.15245823716228, 
68.0, 181.23314043067126, 
68.0, 189.1083747043629, 
68.0, 184.34320019232007, 
68.0, 190.6709081510554, 
68.0, 183.77749673777626, 
68.0, 185.38865344468448, 
68.0, 181.49413554612659, 
68.0, 187.31569723705636, 
68.0, 190.85881825750582, 
68.0, 185.60255606704538, 
68.0, 187.83355691954688, 
68.0, 187.41300932006715, 
68.0, 181.38535484615994, 
68.0, 192.74389723812718, 
68.0, 181.0056994941032, 
68.0, 184.27932613061807, 
68.0, 186.9729976769996, 
68.0, 184.6127834005877, 
68.0, 180.7063324871956, 
68.0, 183.40518194868656, 
68.0, 186.2247831444131, 
68.0, 184.4341091074012, 
68.0, 187.09111439230395, 
68.0, 191.01448934415478, 
68.0, 193.19201443013873, 
68.0, 187.33248180214292, 
68.0, 183.8816696980016, 
68.0, 184.54415128282045, 
68.0, 188.15926326729968, 
68.0, 189.7124472916793, 
68.0, 187.86645679468117, 
68.0, 189.46352056835008, 
68.0, 186.0851976160817, 
68.0, 182.96992916944967, 
68.0, 184.45962673038315, 
68.0, 186.7199993159055, 
68.0, 182.78757136250212, 
68.0, 191.23992365571593, 
68.0, 186.66715576436317, 
68.0, 186.38210365672506, 
68.0, 186.70102127742717, 
68.0, 182.39395463278606, 
68.0, 185.75976799852754, 
68.0, 187.57935718500704, 
68.0, 183.71851897340295, 
68.0, 188.3083545924966, 
68.0, 189.0857760219123, 
68.0, 186.40131864988376, 
68.0, 193.61292589482863, 
68.0, 184.8359106543499, 
68.0, 190.24022140809137, 
68.0, 189.0826591306341, 
68.0, 181.5381029955002, 
68.0, 184.68777836388946, 
68.0, 181.1417996412659, 
68.0, 189.8054850399395, 
68.0, 188.28239862481973, 
68.0, 182.5766264331965, 
68.0, 184.73078017613437, 
68.0, 186.84992493284224, 
68.0, 187.727196931594, 
68.0, 181.29531086777646, 
68.0, 188.8730402449833, 
68.0, 183.73440297646545, 
68.0, 189.17764405949512, 
68.0, 189.47934217047361, 
68.0, 185.61219267752304, 
68.0, 187.60593950534485, 
68.0, 184.16016395083045, 
68.0, 187.49178264207902, 
68.0, 184.95646499577205, 
68.0, 179.51691377491673, 
68.0, 185.82622969892094, 
68.0, 185.5262848994733, 
68.0, 185.45370058566425, 
68.0, 189.31414524668514, 
68.0, 180.13476460636693, 
68.0, 179.4157845508803, 
68.0, 187.15139203637642, 
68.0, 189.60223002105602, 
68.0, 191.47881214393468, 
68.0, 190.42828999470407, 
68.0, 185.48000080378077, 
68.0, 187.29565354420538, 
68.0, 184.9155995825158, 
68.0, 184.5636801947187, 
68.0, 188.65232418927556, 
68.0, 184.32538559972943, 
68.0, 184.58192859902522, 
68.0, 183.8881925267012, 
68.0, 183.97010571354502, 
68.0, 184.7618148092974, 
68.0, 187.47776226293436, 
68.0, 185.22703809724186, 
68.0, 188.0228419612465, 
68.0, 186.47363058022674, 
68.0, 187.40654778545814, 
68.0, 186.53758073465315, 
68.0, 188.38601809816592, 
68.0, 191.20553204705823, 
68.0, 184.5607070956501, 
68.0, 190.207688985672, 
68.0, 183.9494397096647, 
68.0, 184.66017767391267, 
68.0, 190.5974274010181, 
68.0, 181.35716050120294, 
68.0, 178.0155539356336, 
68.0, 186.81670335146185, 
68.0, 182.3223889373114, 
68.0, 185.7689525574121, 
68.0, 187.4900150533148, 
68.0, 188.9124644248946, 
68.0, 185.95353593109743, 
68.0, 183.1801565377033, 
68.0, 189.161689340176, 
68.0, 183.50569815394815, 
68.0, 183.7342437886869, 
68.0, 180.32968328421447, 
68.0, 186.83827295985645, 
68.0, 187.21349184908337, 
68.0, 187.49412558714246, 
68.0, 182.1067838351844, 
68.0, 187.2060046293354, 
68.0, 185.01526210932624, 
68.0, 182.76521655650714, 
68.0, 188.40344048010525, 
68.0, 185.45924690875438, 
68.0, 187.65043207833938, 
68.0, 183.966489680338, 
68.0, 181.83696050150073, 
68.0, 194.26220064730117, 
68.0, 187.3325890940493, 
68.0, 182.42707280008725, 
68.0, 191.24885389510828, 
68.0, 189.0111501460473, 
68.0, 183.8465164918126, 
68.0, 179.330889337469, 
68.0, 184.78101805203266, 
68.0, 189.21733885211452, 
68.0, 186.69055016114325, 
68.0, 182.81004935465575, 
68.0, 181.49120900405632, 
68.0, 185.08870374884404, 
