144.8310953263935, 151.22267822656067, 
178.95346201167249, 158.3062303071667, 
181.127512922528, 139.90774648781294, 
173.2600873884302, 151.04327644670366, 
178.52532159782223, 145.45134979955475, 
176.76829960470025, 162.9599417700921, 
176.69447096370257, 136.5344453346665, 
166.29991758282733, 142.3156786130508, 
181.14410221393624, 161.50130266095852, 
178.99343553433505, 165.42582651114193, 
209.23296439847923, 161.5308021058469, 
174.32658147151025, 150.71959137663694, 
163.81720879494657, 147.625448636764, 
185.20110220042847, 153.07407727509224, 
157.66463641414134, 152.23229319558948, 
167.288852309986, 148.063929091749, 
187.52589700062606, 149.19979154044879, 
172.9227848416158, 142.87034452816042, 
182.6910461096291, 158.8735297181947, 
179.4451553804562, 168.24379028877257, 
199.79701167068004, 155.29065578471312, 
182.131161295967, 165.80587308357656, 
153.31851341565044, 172.96220088080435, 
193.32515878063313, 151.11743622666867, 
180.84455991702373, 155.968394325828, 
172.50061526296798, 135.63679670499513, 
165.52183407472353, 154.0710951715401, 
175.70176750048827, 139.53920867355265, 
188.27717994595653, 148.4271431193187, 
190.61655310408563, 147.5086168486094, 
180.1578236094456, 142.7579496849382, 
172.00294028097233, 134.39684372308648, 
165.27361711885032, 148.3139658769758, 
180.41865597791718, 157.99097406500653, 
196.61379485619335, 151.22782101733986, 
169.37379391091233, 146.13884486310147, 
182.61192836728802, 164.21536349244647, 
172.0074371949691, 154.96323095637533, 
173.44468127324427, 152.5172453164771, 
150.82967956567438, 142.5573344715375, 
199.47809595689648, 138.41659690645605, 
192.1878679159755, 145.22870082013713, 
160.0327640313454, 142.89764328503273, 
180.6991762289357, 158.65602779262508, 
169.70452576659991, 163.6212180870437, 
180.21668083692185, 150.24787626472, 
189.91466672778841, 163.3221750086373, 
174.72067325996807, 137.8779011254133, 
186.05690704087917, 149.67656136170507, 
182.60841865245015, 151.82858309688402, 
193.37406468668487, 149.38549807562822, 
154.45276491924113, 172.9531946751671, 
178.86638922699547, 146.92473247445673, 
181.45142077376914, 143.25923934234373, 
183.47260900315067, 162.500491547851, 
163.0636288647799, 153.69503946532708, 
171.2266206112302, 146.94396669128307, 
188.70598170794773, 175.9698367227504, 
171.78499841973218, 160.8242420590178, 
157.73131791578703, 153.339901784968, 
181.31735390691875, 137.87218571166125, 
159.25092868210086, 166.1886635235002, 
165.35300777704177, 160.19519583211508, 
182.1532666769583, 144.7588328633073, 
158.53205016223123, 154.495166656782, 
168.723671695013, 137.8981574326486, 
189.10854782635622, 165.77267497468804, 
171.5956835674082, 155.22318389666137, 
168.55810372591696, 147.59952333558994, 
158.57471515415105, 149.5503124298335, 
184.40147869225967, 158.95112292834162, 
194.08632422773817, 159.92395966323724, 
190.2560999515176, 154.24881131016073, 
192.27252844473455, 144.05093928925064, 
187.04382569790923, 149.94452341391272, 
175.96750871863094, 152.2173728811746, 
170.10484803409204, 158.95029037734767, 
154.4076715907447, 150.1410800059502, 
180.0933617834721, 153.52701934989202, 
166.14256147042798, 145.60012502188272, 
178.59637024412189, 152.39734148658502, 
201.7474387129377, 150.85694191616116, 
209.0399789163202, 159.83045376052064, 
164.38904731224397, 154.84686307141442, 
166.47906064187393, 146.61990170084823, 
159.78870292909744, 154.53925937855644, 
165.82116322490097, 146.33283361330365, 
176.86426980399762, 155.07323481207627, 
172.6589536306598, 133.45338680014862, 
169.70976017217765, 163.29908913709775, 
173.23798143437122, 145.44456329417935, 
193.5356627728803, 152.79953366821917, 
181.84754076523404, 163.47515979202657, 
181.48750650085026, 142.53577402194767, 
195.97852219870157, 148.29887725376506, 
185.58557937908094, 162.30970505879716, 
180.45966849998206, 142.90230494977845, 
192.57769028966783, 151.04639291710726, 
182.0393122323378, 164.03013903091454, 
207.96809644090462, 158.05430852259923, 
194.27208267690617, 153.16924299261478, 
178.8161727980412, 143.31343662990471, 
168.88579477558335, 161.42171905358333, 
162.92320793924958, 146.53318490709106, 
174.8784600935918, 152.76347813370737, 
192.2141512165104, 156.32889736595757, 
182.65167141541815, 168.60393900540217, 
191.5917784496058, 152.02517754053105, 
187.9021303088652, 158.00634621649468, 
200.4445757794834, 144.20721881703162, 
157.3533153205099, 138.0270925403473, 
177.94170058020669, 148.01988732559542, 
172.32945118571058, 169.54151609789963, 
193.17304437647027, 149.8506378929009, 
190.51706693824278, 151.37305574141786, 
166.06832933228523, 159.663500567788, 
184.84949201817216, 157.9815432957935, 
162.2473359438635, 168.3100281798683, 
167.50723270669206, 140.2853294016258, 
185.29679771875672, 154.22608464417516, 
176.6113813448677, 153.26500215796653, 
191.52655707271663, 144.57871198687428, 
181.31552579935993, 153.97760488345946, 
175.84482639113642, 160.5784760936852, 
179.99271174756183, 144.95421300837677, 
177.63644249460663, 176.48435835833413, 
185.99337874472954, 152.3129716969092, 
190.68399004764447, 152.58400239051224, 
189.8694717013379, 157.82578897970416, 
184.63979158844623, 165.8531306325919, 
169.72517652303722, 152.9813094177896, 
166.12006000773255, 172.7025230005563, 
169.25366494111051, 157.77151217706665, 
180.49482581190406, 145.717075796761, 
