100.24184290086514, 203.6168146603506, 
110.95390590550805, 167.51343509461086, 
112.44831783257854, 207.94933818932927, 
97.65555557870327, 203.5391036472523, 
115.60999486232015, 183.75856579175394, 
95.70521825495989, 197.28455541458237, 
93.52668362230109, 178.53392348076318, 
114.56827255580835, 191.19729946479814, 
100.34945500732948, 199.2966617088154, 
122.47366128182, 184.2509289331475, 
90.09765679537728, 163.8371213681137, 
107.80301203628086, 204.87530832225426, 
96.0423385769536, 206.4430183999091, 
96.6009490616736, 179.27287003852803, 
89.23975997904441, 191.91871525065915, 
100.5029899917467, 180.64335759887007, 
115.8582497315492, 205.9241973182519, 
88.13186509774289, 199.80915603760175, 
94.96575817897164, 189.91720814614206, 
92.60584029682578, 187.61101134648825, 
105.72408295125764, 178.59135876268164, 
102.48184612333954, 196.42434267616554, 
101.0703092151095, 172.4567121341814, 
111.82115057805032, 180.3951944350954, 
90.10099869872974, 186.6508369192255, 
108.46652002382041, 191.23119282970424, 
94.99395486128141, 173.64443001708386, 
103.10063116775824, 198.4153802669223, 
95.59476734336985, 203.96873225891846, 
111.20390613338193, 202.33593264092477, 
113.4765158640644, 220.01882923553546, 
106.21022895798197, 200.0976817432188, 
105.8480511424001, 193.28730556788008, 
90.9062588408382, 194.34094933802177, 
98.35587153328697, 201.13077953716888, 
104.08757113176874, 202.18897028251376, 
112.76268285538151, 221.11843977376793, 
105.36156078510282, 191.16642432422654, 
107.67663386033419, 180.04207207384735, 
89.65448887863657, 179.63164738412257, 
101.944066513863, 204.78410107730775, 
101.44699147579038, 199.01215105655234, 
96.84587563163475, 178.42415902600558, 
100.47715493457609, 207.79107398049615, 
99.41650794165975, 201.74542250593927, 
98.32729875124495, 188.46577393171302, 
95.52753796086492, 198.28319191792298, 
108.31271170244007, 191.58516884426479, 
102.95360756792334, 186.82925782620092, 
103.06721056372831, 183.4183925509707, 
100.15065888192743, 205.46233283276362, 
95.89101857667711, 200.05472312507075, 
99.08052722065835, 212.0501762500073, 
95.46597258929974, 187.43154869296515, 
97.79999283675296, 198.73971253980798, 
97.40975693357058, 181.85948625876372, 
93.61997114075696, 190.43142791069823, 
95.81101258043368, 173.63073127245974, 
103.89570878851534, 197.51675430183923, 
96.16023599384353, 191.532703664154, 
99.09678002674808, 179.40075495323555, 
90.0398167500197, 186.20831214798721, 
109.68638284667698, 180.81546428580754, 
96.19450982402657, 208.38888578516912, 
114.7900328307191, 202.88766168715074, 
99.72081863228718, 179.3010213498207, 
104.24689576641565, 188.6155434068937, 
100.85867268636217, 178.18889382627503, 
99.26045647611512, 181.4582548250176, 
111.41274152434148, 191.74285076697356, 
101.15256424938154, 187.36495438470683, 
102.2107138309924, 196.4424106678692, 
109.43754509043549, 215.0827085193482, 
107.22074798662689, 217.45524500653474, 
103.03248242753148, 209.44886262597942, 
102.34538131932966, 179.18738280315256, 
96.6564919208145, 212.80136168251738, 
111.92844443700801, 170.53172344294703, 
99.09739033538945, 173.6037059759567, 
108.12776404691257, 157.6771407499085, 
106.47572451915322, 187.906778877258, 
109.2387897809685, 183.70276878195747, 
91.6973528089394, 189.38752271444014, 
106.39196923969601, 195.00484275820938, 
105.73241868461233, 203.21585165345272, 
106.73578557466217, 198.4242383983666, 
104.50736645917027, 201.6004468414094, 
99.76967285588331, 187.80749095501855, 
99.6201643304777, 184.93078957032532, 
95.34763676308839, 167.7745623370326, 
103.34527803831035, 192.8827404451012, 
103.97338715195595, 204.80017022894896, 
110.28790122586855, 201.67440526701972, 
104.26552149927566, 216.91220916517068, 
107.28449482351311, 205.50211676906127, 
82.91625426879392, 171.97020739040303, 
100.46143862786742, 212.98776656105306, 
85.99808027952429, 189.37654932531015, 
101.82186317714643, 216.92532940049082, 
99.71645126930903, 162.1645571297812, 
94.21591424828593, 157.94036341272823, 
104.33806908221398, 188.20278828467582, 
101.27084917793235, 183.83695374526826, 
102.57363640084289, 194.46838052919512, 
97.12810840830977, 205.58571933682367, 
100.19968420330012, 193.93052294167862, 
108.63935237007581, 209.6282951972645, 
98.9179991461969, 196.92570683732774, 
113.53370885717976, 200.69572976314996, 
105.72805134578208, 204.87421321119578, 
103.80875392569797, 204.39863213067545, 
89.33232099034737, 194.18778944558642, 
99.99858902297782, 241.36336572312518, 
110.28291968751495, 192.58508324152538, 
106.69643891571661, 204.82954099976806, 
107.98448876652807, 217.37895939792435, 
97.59437713949434, 201.14818341199688, 
97.34463514875243, 169.57380410811572, 
93.35916151011011, 188.15951515975243, 
89.97442074881957, 199.0762635792452, 
99.2982711390274, 196.90555839110587, 
102.14610011534997, 186.7143454200977, 
91.60506598825363, 199.69897150173134, 
95.18302067904638, 230.75301309241172, 
97.27729189212805, 201.924775843689, 
97.98068543059267, 216.45185707964913, 
106.04908031036112, 198.44857656174673, 
110.14681464031722, 158.44273857065866, 
95.53828670401953, 205.85118749912934, 
100.78518221193353, 158.1918806454815, 
104.79125720746453, 205.88124130712495, 
107.85222869753372, 175.8882665076567, 
105.71738008294136, 206.9624403227559, 
96.92631353975864, 194.68979068018092, 
106.05196279804892, 195.52821969836205, 
102.61853339272248, 166.49225913405874, 
90.86536559488691, 180.92525828216674, 
104.54172293652383, 172.54114260606238, 
109.75381409290023, 214.22968824984318, 
97.77553983145556, 220.49751440017707, 
109.26794806394408, 205.51612582528782, 
110.80169916349368, 194.57985805912247, 
102.48108050271148, 197.07478091707765, 
106.72093998959681, 214.4453319922442, 
97.83213312676905, 183.65213963201987, 
114.36989461172347, 205.4844694545844, 
100.9954262095988, 187.7903807193677, 
103.98424356826897, 197.8912437129368, 
100.93398466976986, 200.7289199940442, 
106.0241079935621, 138.16592145026135, 
92.46391458632185, 207.46286816102105, 
106.19220933483831, 165.79503272796225, 
96.34274300051464, 206.83653987533847, 
104.50913827061191, 194.56862860640038, 
106.15734389222443, 212.36043489521498, 
102.35586524743454, 168.221752579719, 
98.29726212168066, 216.15850800728694, 
105.00512450460488, 184.8140866753175, 
103.83773367747123, 188.32095503245108, 
116.3174669129613, 173.4404538532621, 
103.24674078624442, 168.95502053288064, 
108.34794488073791, 171.3519082350975, 
104.23867773927373, 179.2436596199856, 
90.258874371462, 195.99748406267142, 
115.04844647918563, 171.3135237962745, 
90.02360923515404, 204.1693434299671, 
98.04229992576565, 208.56997170507196, 
96.50986442537457, 188.1355334890668, 
108.75983335275528, 171.38770128292657, 
109.52270235527692, 168.43264618557723, 
101.50438483920803, 153.64994331268218, 
106.58421176342809, 195.96883524275742, 
109.56619871281072, 209.74686289230362, 
