83.08375665056403, 139.68863349561138, 
92.24690672430918, 179.50345715583933, 
78.23507837269698, 156.83851116673887, 
98.4233002349626, 158.28498162241618, 
95.46389287593368, 151.3076122853048, 
75.78689914067347, 168.33760906035565, 
101.8019443048129, 152.88491892271662, 
91.91058721080354, 132.38209867388258, 
81.77046171424766, 137.17242517912777, 
86.40975734438913, 169.26980060368354, 
82.96261671398676, 151.41053157639698, 
98.23297259238674, 141.49064513806832, 
78.8124964968404, 137.62066200383202, 
60.65058221408022, 123.87597236493522, 
75.513365968819, 117.63780932169452, 
86.90452082418848, 154.8815518958384, 
93.4499860294487, 148.36992420156275, 
48.93631385874514, 150.9223405162214, 
83.36600130342684, 129.48516147039896, 
75.37135369380354, 141.09251454715596, 
93.29183462495544, 162.41687974600117, 
70.6323668359781, 137.6667269406166, 
105.59038840281633, 156.959410322542, 
95.80643458268321, 147.79828240746986, 
70.55792620496727, 133.12721749949574, 
87.09042867941808, 153.38827525732427, 
77.28668873377231, 169.44043107192502, 
90.54785009026673, 163.5851733666186, 
84.15972441811122, 130.33522743146528, 
87.67450663354705, 131.49758120232863, 
102.78233600358679, 144.9677987379955, 
83.1062454158341, 122.58433156291838, 
73.61965825952078, 159.6144003078881, 
78.86886798091443, 125.56784852996938, 
79.1137910417831, 129.6930734319743, 
89.5568700985095, 139.49248674310527, 
105.2738215486121, 129.22557493345525, 
79.44187235116817, 122.79753132990632, 
70.59822932290056, 142.97829859551146, 
64.80177781642735, 150.24095646204407, 
87.40470402997485, 151.07843507595956, 
87.35667502707119, 126.09387758757046, 
78.41275433118429, 123.26363135621419, 
88.7103821449947, 153.5477680775466, 
92.84276748709837, 144.36934894152225, 
69.81215035218824, 145.0367393054325, 
73.1183354681092, 159.17080891203787, 
79.86594413538818, 130.34849903446434, 
96.51885489106664, 155.755539845061, 
95.69453878400262, 121.70661117425331, 
83.74999396722349, 109.68389132050368, 
109.7309071909537, 120.27725900525996, 
72.06142307028782, 156.5730554951072, 
86.83353222627746, 143.99759796185057, 
73.64926572247691, 138.27640085589678, 
73.95305606131137, 127.80093989201382, 
89.85973945704602, 146.30154306697438, 
69.0707411169817, 146.8035506123328, 
77.05713186243881, 124.79554054495095, 
81.07522499125587, 156.42812831582037, 
83.16351816050175, 187.07864797530056, 
82.71049846278123, 180.38881837658698, 
72.96815814199256, 167.2307669397875, 
73.03189042375861, 133.79958358195833, 
87.43879933350144, 138.84589994716902, 
92.02205501537904, 163.55152797931822, 
51.58674969689592, 165.40939498554818, 
99.87118614774994, 126.58092712585186, 
73.51615263073346, 121.70318873676447, 
70.53509573499026, 132.2513505540301, 
83.79295339815707, 135.23861954783382, 
100.48534797101482, 129.0956294804551, 
61.59777091907184, 133.51215698401847, 
70.19537333941967, 166.66733088389128, 
62.0672369882198, 125.43904350813011, 
95.50106541219309, 151.58731980319882, 
48.13719109774647, 153.89896962339205, 
98.05898607332493, 156.09117770026415, 
115.4794117966366, 143.47941258581994, 
67.66498777473043, 138.24022775009502, 
87.16857776919497, 155.0718189896987, 
75.27730040607392, 150.83215367329427, 
82.64306481073558, 144.13758295156904, 
84.21941919803476, 131.86850482354373, 
74.09080996151725, 161.69045660226936, 
102.40363629111208, 159.83258891353935, 
88.23987279221535, 135.3922215573565, 
80.95882806828735, 145.9190365992478, 
62.10980112078289, 142.82626165775935, 
69.57132054064947, 134.13916059169398, 
55.60215270714659, 136.8958588579987, 
59.488219323518564, 149.4041909330293, 
87.05844595930043, 167.06400817948628, 
70.79085848652356, 142.15867496283087, 
88.0593941841501, 149.408097486981, 
82.68259386328747, 143.689129596115, 
102.2198478637651, 118.92149397657182, 
55.66501188409867, 135.00829233145643, 
73.29640518973912, 129.12818344020258, 
71.01407908942141, 117.89401803893584, 
89.0707609169887, 150.35928664856263, 
94.49894477231554, 162.66436122055705, 
84.90024756409531, 150.31267950663678, 
102.7223908166427, 134.85242452927855, 
65.22614629920511, 128.89108107318256, 
97.26043750043499, 137.2687245110848, 
82.50947556788374, 141.63376011274622, 
96.84111590101293, 137.6690868283226, 
94.96436175836973, 149.38923619417085, 
92.0622505206554, 139.9302819021097, 
95.47787093612125, 147.3382917166278, 
76.64997088949585, 149.54458990646495, 
95.02570876676373, 135.11184404258324, 
84.46983337133024, 170.32492369179909, 
90.42565501546639, 154.13489266996538, 
96.31796751522033, 121.80887146398666, 
66.3453800515757, 171.36980091662986, 
74.41685916402012, 128.21665932801034, 
80.99330489623804, 131.41026889894394, 
94.66809595244851, 155.89348820514098, 
99.11652275015652, 154.83913661432152, 
75.19022099953531, 143.94008252645577, 
81.3358587343203, 157.74498857570674, 
85.55855162050916, 151.2158184137459, 
86.23273196291923, 148.3183796612839, 
82.45369952195824, 142.48904220350238, 
66.27755332544845, 152.99526878087784, 
77.83826531124478, 149.9813733279516, 
88.99716147832895, 140.90873662330986, 
59.41785529411657, 148.73750981735202, 
87.34496990422333, 136.62732734871162, 
94.06900735976991, 133.75590719813363, 
87.07239810074603, 174.83185277809758, 
84.92732996606792, 143.30695803050187, 
94.23417320524356, 157.88203715035243, 
93.02122914683619, 124.51257284833335, 
76.08667399416528, 154.47024930962468, 
94.04969190516839, 151.98906502072808, 
93.54101382911708, 134.32964175697973, 
68.03094681534662, 135.54748822384374, 
84.35880163453879, 140.6113921029404, 
62.25570597557284, 157.0098139626118, 
89.09325787063645, 155.76257470943747, 
79.23448665250345, 156.72221654654032, 
64.01315465443076, 129.4841350099509, 
84.13342105392313, 146.02142463044382, 
77.5279634040856, 157.15175879070603, 
84.93871456506241, 145.08380463257402, 
100.64418403953887, 140.63260189271938, 
61.59981578816824, 120.80599242710562, 
89.18765265488591, 161.9139075685776, 
81.61002088770532, 133.30633882848673, 
72.89334914515578, 155.78739721405114, 
94.31805915044308, 143.6918432138252, 
59.16082300799899, 150.8428813554191, 
86.01536306544757, 142.26729260202737, 
91.23860592508512, 118.84509288611531, 
88.129966494609, 138.8100118700065, 
73.19619829085863, 120.30069301332892, 
77.78841397016106, 133.6874875332888, 
74.0018916933085, 137.46476851937146, 
60.303113833201316, 117.82670043992982, 
96.57256144126937, 151.42513584484686, 
77.92872749369306, 130.22509459704546, 
79.18088547364538, 159.0270860907072, 
74.9205981684672, 123.285332363668, 
80.31323742198359, 153.09859610138753, 
68.22478012821252, 133.73658941607096, 
91.86376720451058, 176.08288264543074, 
95.37549899271097, 144.3704777477405, 
76.34136971974426, 150.3756636331758, 
82.26936460324372, 109.74770520019078, 
81.85407046044259, 140.50434001525355, 
86.1385252598853, 163.6447775445239, 
80.38201060132646, 136.80558215095158, 
39.20627679697357, 129.56821982151502, 
96.30341902798409, 156.46018546392298, 
85.71205339017406, 134.36293031527865, 
81.35967750594226, 149.71364450596033, 
109.80272145203126, 152.62681685234767, 
61.449226551018214, 112.79861468159856, 
66.82786874231816, 134.28393560814322, 
96.9046560076174, 139.10327146084325, 
111.34946220566782, 134.13845998167943, 
96.37155136339362, 134.25852398358484, 
77.48753827749081, 152.72228646759677, 
74.0586756800844, 179.65179727673893, 
78.04632064307758, 119.19866751353143, 
74.21386928383423, 134.25377901844882, 
63.92821306032218, 167.79903372022602, 
50.4647376892418, 162.4535473961757, 
63.12343731315292, 134.55977465877606, 
85.99552403509595, 145.2318649226947, 
82.82504558658152, 144.90494975800675, 
76.62304807094513, 145.7141228473257, 
83.79531952995445, 169.14914243863652, 
88.73220555403105, 154.20201756500282, 
54.635334128839105, 147.7465258404077, 
100.4566635034097, 125.55296690104707, 
90.37990322120564, 116.92749221934908, 
