48.56013099055583, 125.37407120551427, 
57.42163455959985, 125.02841360991927, 
55.65189858982292, 122.70890868928974, 
50.51472076859228, 125.37677026003583, 
42.4985036009064, 131.43151977069505, 
66.32579155836088, 128.57057310562197, 
57.90779594186753, 121.22162142475, 
54.64381551974235, 121.82534184617708, 
50.06408671780638, 121.52525357503409, 
54.11054735390667, 125.96667818444918, 
52.9118520229001, 127.64675568783399, 
57.659758816942244, 120.80885734835184, 
47.107781180045656, 123.39967891992528, 
46.98012697507875, 124.88436040045329, 
63.61352000666412, 120.9945217262742, 
41.44804369742013, 123.57613428849221, 
53.70821789446316, 130.84740860183612, 
51.19580128519566, 130.96651645929916, 
52.25419783334373, 120.98192054249449, 
54.68305224163813, 132.96838113376796, 
54.32489881228956, 125.9667339402913, 
48.29316855230292, 127.61741078913934, 
55.70039253279189, 121.09953866923625, 
50.52100236696339, 130.48477670920525, 
45.865880252339444, 120.45339998239471, 
51.05944131681891, 130.66075108682043, 
48.473006464935445, 123.60851171312383, 
55.63373938451827, 122.54792101394189, 
56.25711219875777, 128.78741235007027, 
56.47708330987614, 121.74044149587283, 
59.41332302283134, 129.64344581671634, 
53.007280274680056, 124.82137607651845, 
50.625949294195976, 120.54777073961762, 
58.187623524112915, 125.30268569700156, 
62.747249143233034, 123.1620917768429, 
50.666883460759585, 134.69189254596407, 
45.3089652186386, 133.19833313982517, 
56.66916566945481, 124.59240892727414, 
55.139788124574594, 121.90046769981844, 
46.37071428494312, 120.3281492525388, 
53.5458110989032, 125.28498926228299, 
57.745466748189166, 123.34941330516291, 
64.89909154335359, 122.26988513331621, 
64.57630472818933, 122.05810943825759, 
54.83731131833034, 121.42751614332613, 
49.50723419800985, 126.16079603507075, 
53.77820647681907, 125.83347731049602, 
47.367984106760076, 139.88271402783226, 
59.542787562232974, 129.35598633735088, 
47.12154451403521, 124.98667353969927, 
42.471963475007044, 120.56024146804947, 
55.65409602917148, 121.90124043100539, 
50.87504230897012, 126.92939611133268, 
49.80259203301946, 122.28913382296324, 
56.8130279194498, 130.46150847295993, 
58.979873543096545, 123.05811454848077, 
58.53635213254534, 120.7344538272769, 
63.88083228438342, 122.593898811792, 
54.324120520758534, 123.03227016834731, 
55.61760581195693, 130.55707781568768, 
48.991941763867246, 126.4287556107558, 
55.28789387345606, 133.28484824287167, 
56.59566733154211, 126.09074482432973, 
48.52893670605461, 120.72909320921364, 
42.174189268885854, 129.43365599471505, 
59.73028240201479, 125.44220287915684, 
53.37018413477043, 124.2581355346814, 
62.45400442614973, 128.01923837950565, 
53.46339439004731, 123.1703695319646, 
43.23674916518709, 123.61976396942725, 
50.00141127695134, 122.03827326853356, 
57.64032649136031, 129.22256409511857, 
57.9017924569371, 123.8702850073334, 
54.323797427717075, 120.87723593533298, 
58.66735512082643, 129.11161264230054, 
46.45693021034498, 128.6772590201248, 
49.63309778641373, 130.37978397973538, 
58.599461073685355, 126.7336106632279, 
57.29199546239018, 122.2338860442231, 
61.64149941352293, 121.79861669881888, 
55.2058820443975, 121.81673737944222, 
60.65058221408022, 123.87597236493522, 
48.93631385874514, 150.9223405162214, 
51.58674969689592, 165.40939498554818, 
61.59777091907184, 133.51215698401847, 
62.0672369882198, 125.43904350813011, 
48.13719109774647, 153.89896962339205, 
62.10980112078289, 142.82626165775935, 
55.60215270714659, 136.8958588579987, 
59.488219323518564, 149.4041909330293, 
55.66501188409867, 135.00829233145643, 
65.22614629920511, 128.89108107318256, 
59.41785529411657, 148.73750981735202, 
64.01315465443076, 129.4841350099509, 
61.59981578816824, 120.80599242710562, 
59.16082300799899, 150.8428813554191, 
39.20627679697357, 129.56821982151502, 
50.4647376892418, 162.4535473961757, 
63.12343731315292, 134.55977465877606, 
54.635334128839105, 147.7465258404077, 
