83.08375665056403, 139.68863349561138, 
91.91058721080354, 132.38209867388258, 
81.77046171424766, 137.17242517912777, 
78.8124964968404, 137.62066200383202, 
75.513365968819, 117.63780932169452, 
83.36600130342684, 129.48516147039896, 
75.37135369380354, 141.09251454715596, 
70.6323668359781, 137.6667269406166, 
70.55792620496727, 133.12721749949574, 
84.15972441811122, 130.33522743146528, 
87.67450663354705, 131.49758120232863, 
83.1062454158341, 122.58433156291838, 
78.86886798091443, 125.56784852996938, 
79.1137910417831, 129.6930734319743, 
89.5568700985095, 139.49248674310527, 
105.2738215486121, 129.22557493345525, 
79.44187235116817, 122.79753132990632, 
70.59822932290056, 142.97829859551146, 
64.80177781642735, 150.24095646204407, 
87.35667502707119, 126.09387758757046, 
78.41275433118429, 123.26363135621419, 
69.81215035218824, 145.0367393054325, 
79.86594413538818, 130.34849903446434, 
95.69453878400262, 121.70661117425331, 
83.74999396722349, 109.68389132050368, 
109.7309071909537, 120.27725900525996, 
73.64926572247691, 138.27640085589678, 
73.95305606131137, 127.80093989201382, 
69.0707411169817, 146.8035506123328, 
77.05713186243881, 124.79554054495095, 
73.03189042375861, 133.79958358195833, 
87.43879933350144, 138.84589994716902, 
99.87118614774994, 126.58092712585186, 
73.51615263073346, 121.70318873676447, 
70.53509573499026, 132.2513505540301, 
83.79295339815707, 135.23861954783382, 
100.48534797101482, 129.0956294804551, 
67.66498777473043, 138.24022775009502, 
75.27730040607392, 150.83215367329427, 
82.64306481073558, 144.13758295156904, 
84.21941919803476, 131.86850482354373, 
88.23987279221535, 135.3922215573565, 
80.95882806828735, 145.9190365992478, 
69.57132054064947, 134.13916059169398, 
70.79085848652356, 142.15867496283087, 
82.68259386328747, 143.689129596115, 
102.2198478637651, 118.92149397657182, 
73.29640518973912, 129.12818344020258, 
71.01407908942141, 117.89401803893584, 
82.50947556788374, 141.63376011274622, 
76.64997088949585, 149.54458990646495, 
95.02570876676373, 135.11184404258324, 
96.31796751522033, 121.80887146398666, 
74.41685916402012, 128.21665932801034, 
80.99330489623804, 131.41026889894394, 
75.19022099953531, 143.94008252645577, 
82.45369952195824, 142.48904220350238, 
66.27755332544845, 152.99526878087784, 
77.83826531124478, 149.9813733279516, 
88.99716147832895, 140.90873662330986, 
87.34496990422333, 136.62732734871162, 
94.06900735976991, 133.75590719813363, 
84.92732996606792, 143.30695803050187, 
93.02122914683619, 124.51257284833335, 
93.54101382911708, 134.32964175697973, 
68.03094681534662, 135.54748822384374, 
84.35880163453879, 140.6113921029404, 
62.25570597557284, 157.0098139626118, 
84.93871456506241, 145.08380463257402, 
81.61002088770532, 133.30633882848673, 
86.01536306544757, 142.26729260202737, 
91.23860592508512, 118.84509288611531, 
88.129966494609, 138.8100118700065, 
73.19619829085863, 120.30069301332892, 
77.78841397016106, 133.6874875332888, 
74.0018916933085, 137.46476851937146, 
77.92872749369306, 130.22509459704546, 
74.9205981684672, 123.285332363668, 
68.22478012821252, 133.73658941607096, 
76.34136971974426, 150.3756636331758, 
82.26936460324372, 109.74770520019078, 
81.85407046044259, 140.50434001525355, 
80.38201060132646, 136.80558215095158, 
85.71205339017406, 134.36293031527865, 
66.82786874231816, 134.28393560814322, 
96.37155136339362, 134.25852398358484, 
78.04632064307758, 119.19866751353143, 
74.21386928383423, 134.25377901844882, 
82.82504558658152, 144.90494975800675, 
76.62304807094513, 145.7141228473257, 
100.4566635034097, 125.55296690104707, 
90.37990322120564, 116.92749221934908, 
