62.69796948359205, 102.78951404401718, 
57.09142492200523, 104.92934925824409, 
47.0812160311492, 118.91395815389816, 
57.140414200883896, 109.89637663398709, 
60.063806159245, 117.84153108938153, 
54.45047484764217, 118.09759741588789, 
59.71596374741499, 106.07094436253573, 
58.36398325495752, 91.82266957430363, 
49.01608717979676, 112.598302609924, 
49.97574372638602, 112.87616138229652, 
59.45757493145807, 116.48261397273761, 
50.21780811860246, 117.88966908930364, 
55.70321105049369, 118.13120475483986, 
48.90617871592136, 116.40033047754076, 
48.539386749345, 116.37822703435157, 
51.70863236301606, 111.29156114289987, 
48.98414973217093, 113.06654350816093, 
57.295944262033984, 117.90389081871783, 
62.610727248772314, 119.57221300738016, 
64.67334711431235, 106.85919334240945, 
47.623888378987886, 114.73471828541734, 
53.22064659965562, 116.65660574938377, 
55.11668057052358, 104.10969355048391, 
52.73336594668774, 111.26728748154237, 
50.647717652980916, 114.21705637049092, 
48.75234523543566, 118.69461519710777, 
53.96658661041921, 120.19589427809404, 
42.636687114357386, 109.48690043014551, 
50.925343937266035, 117.29589447305725, 
48.7626580526979, 108.92496192906634, 
56.69787255889803, 119.00116351625289, 
54.83910903635814, 110.08771091559204, 
42.369029282730764, 119.57483611683503, 
57.92573569698069, 104.60046587407192, 
41.338806262438816, 116.1021357966558, 
52.99826815665625, 111.7174403788524, 
53.67083587520277, 109.72533744133304, 
58.84403382196575, 93.54180595609554, 
59.48203140487682, 107.48514465982419, 
63.35503893277054, 110.05782640977024, 
56.65454956019155, 119.23828291779058, 
57.0557287009067, 107.94868334433973, 
48.921403087944434, 112.09159566818043, 
53.39579500876982, 107.17732386499931, 
59.42202544944803, 115.89827240442617, 
56.69214522327388, 109.57473757534954, 
62.27660183113982, 113.77524461984882, 
45.48655117900799, 111.56371787360392, 
54.43630303186249, 111.14007677845768, 
51.27309882685353, 113.18477279250345, 
50.03506936551451, 114.42961869890762, 
43.548597049941186, 105.52645071673682, 
56.1777843680037, 117.77295860677461, 
63.45848321228931, 108.78670824471287, 
65.83137284475718, 93.71765892298845, 
47.30207589045152, 116.61574910818415, 
56.78244613297757, 110.66719165121101, 
64.91683428877174, 115.04797475849293, 
59.03046496727322, 117.3348038543124, 
49.014687330502156, 118.84273443864221, 
45.4548662488516, 104.98679153138092, 
59.71684639833468, 101.67145513315073, 
52.2893384654874, 109.88640418433165, 
54.3180409223751, 112.4618094387339, 
53.00733799894758, 114.34891416120267, 
42.09399329557179, 105.33902700268223, 
48.610798463479334, 112.97411145645243, 
47.69265660091541, 112.82993275168573, 
61.33880532904105, 108.79194318503721, 
48.384274580944044, 117.5726051461068, 
55.95196722873621, 113.2002620412983, 
54.89848525733352, 107.52226794638887, 
53.60476955237507, 120.0839858491796, 
50.86207038632598, 114.59170222862421, 
53.50099832530998, 111.0803413706415, 
58.1478505892562, 112.5045489993404, 
64.55367165557759, 109.63423719051217, 
56.04856207808764, 108.6818471863467, 
51.64342068971136, 115.33035829265384, 
60.69674882780565, 109.37937557242573, 
66.82786196323181, 114.28231071361631, 
49.20699419048111, 120.10884762517333, 
41.528163486702454, 113.40519362936477, 
62.2930704968338, 110.1778558781367, 
55.901829317139146, 109.29612062282185, 
50.79565930884471, 111.40590488120958, 
48.16050274871064, 110.19199590145732, 
65.17294859854003, 114.94351512302008, 
60.54876202945922, 98.4139368179403, 
50.358449162391246, 117.87887585938687, 
44.549950339995476, 110.43701748541999, 
47.28395012178862, 115.56250930707199, 
50.19112554714104, 106.70185285670648, 
53.19864984061477, 111.41344779987887, 
58.59120207421382, 119.3474742412079, 
48.515439925469934, 116.58332098545442, 
61.85416351537633, 108.07994593179527, 
48.69995973689315, 120.06643525831677, 
51.536650047371225, 101.25809361385303, 
49.372342942506094, 115.15982342589224, 
62.93038502277356, 116.38463952896385, 
53.94546823391952, 107.45724882778049, 
50.74691516723386, 113.72303888286088, 
55.71105549177474, 116.03406937967918, 
49.69927223729447, 111.77946688510166, 
49.77668764157289, 110.89966051624776, 
59.87403898423965, 109.7864532254801, 
55.27215468455017, 114.81395644875552, 
59.78728335116808, 118.50418438569037, 
58.859381893820235, 116.39557151424185, 
55.62077445360991, 117.9059887979851, 
57.434242803172495, 117.40892625420602, 
62.85947774259022, 110.80139243030082, 
38.76778965728968, 119.14347455942841, 
45.29383025049188, 115.7285265654911, 
47.82957890879817, 105.60824875115546, 
61.94277320757062, 119.13576737412191, 
62.631750117498804, 116.42772175786595, 
43.8138894496717, 99.04119439270883, 
67.15525026463295, 114.88685061736223, 
44.01911715660615, 114.84995908379578, 
53.83837751557847, 109.58151927530673, 
50.406392897523055, 119.0876211568946, 
46.105373476875016, 117.58399749137853, 
50.74089580042122, 111.34824353395685, 
59.00300044646511, 112.3584314273757, 
49.15482753244103, 113.90064179287731, 
62.69798766850817, 107.19192756178869, 
57.48979487376472, 108.14985246245006, 
55.34444803347762, 107.97612449644349, 
58.23376811360234, 111.99858888809436, 
50.560822643567946, 119.58761036339338, 
48.2505659705254, 117.85346190312374, 
53.9829461815415, 115.23117274966013, 
59.86846083474112, 115.75999291203618, 
59.75457136634785, 114.11294791618431, 
63.82486579407168, 116.36803337425187, 
52.53569603039286, 116.6012512711573, 
65.78340858184659, 113.40619670994586, 
50.62196318273618, 103.30653603182144, 
47.688172051398126, 112.63304929617719, 
58.68874487349338, 103.2635121591901, 
59.96733256647697, 116.88502618588076, 
52.5748227676168, 116.27923877931595, 
50.14234793884321, 103.97032737225825, 
56.37427889423976, 104.40631876864434, 
47.371255024267406, 110.82921125344133, 
52.20937914721941, 112.63379418404963, 
53.966761940121685, 105.50067885878924, 
44.28803805520464, 108.65900813068949, 
65.73877800611118, 118.04662788929313, 
56.52816499239216, 119.86095908027265, 
45.997496088958144, 115.32216577277381, 
49.913636833003544, 106.4883824018528, 
46.140913480122826, 119.77936517464053, 
51.37445231913544, 112.40735598408634, 
56.26597656316679, 119.43578586096541, 
54.274791927741155, 102.61299970691904, 
65.45548092731075, 104.9031236554079, 
49.930997508156864, 103.72843880607657, 
45.74664405870073, 113.940030362585, 
42.678473210968896, 117.10360969432698, 
46.584225959930805, 102.17445244733624, 
67.01740990297353, 99.90550038782203, 
50.32718006729842, 116.66182420953437, 
43.664582393146716, 114.98626127887943, 
54.94326565961206, 117.386913166975, 
50.65703254406447, 102.58146657023339, 
59.95786086766901, 117.68493010385083, 
50.66384003235751, 103.40575373614625, 
47.998007850328506, 112.55134230984473, 
65.82355485992436, 111.42109823667425, 
54.8004234294356, 111.06896300160456, 
48.824188956630195, 93.81033285464059, 
51.109299988795414, 110.44268249515619, 
69.14743691680191, 113.76521323674439, 
54.037491709594185, 116.78348409652554, 
57.6571013258377, 111.81491517165301, 
52.939229015893545, 115.13892930887509, 
60.19582292266422, 114.45119325973064, 
49.78288966347043, 106.86414887058311, 
51.69850305483547, 109.93164084030622, 
62.34161275056995, 108.37128319890257, 
42.05939497548414, 115.56509654162221, 
64.34077662457963, 118.46628593589384, 
60.303113833201316, 117.82670043992982, 
61.449226551018214, 112.79861468159856, 
