100.24184290086514, 203.6168146603506, 
110.95390590550805, 167.51343509461086, 
112.44831783257854, 207.94933818932927, 
97.65555557870327, 203.5391036472523, 
115.60999486232015, 183.75856579175394, 
95.70521825495989, 197.28455541458237, 
93.52668362230109, 178.53392348076318, 
114.56827255580835, 191.19729946479814, 
100.34945500732948, 199.2966617088154, 
122.47366128182, 184.2509289331475, 
90.09765679537728, 163.8371213681137, 
107.80301203628086, 204.87530832225426, 
96.0423385769536, 206.4430183999091, 
96.6009490616736, 179.27287003852803, 
89.23975997904441, 191.91871525065915, 
100.5029899917467, 180.64335759887007, 
115.8582497315492, 205.9241973182519, 
88.13186509774289, 199.80915603760175, 
94.96575817897164, 189.91720814614206, 
92.60584029682578, 187.61101134648825, 
105.72408295125764, 178.59135876268164, 
102.48184612333954, 196.42434267616554, 
101.0703092151095, 172.4567121341814, 
111.82115057805032, 180.3951944350954, 
90.10099869872974, 186.6508369192255, 
108.46652002382041, 191.23119282970424, 
94.99395486128141, 173.64443001708386, 
103.10063116775824, 198.4153802669223, 
95.59476734336985, 203.96873225891846, 
111.20390613338193, 202.33593264092477, 
113.4765158640644, 220.01882923553546, 
106.21022895798197, 200.0976817432188, 
105.8480511424001, 193.28730556788008, 
90.9062588408382, 194.34094933802177, 
98.35587153328697, 201.13077953716888, 
104.08757113176874, 202.18897028251376, 
112.76268285538151, 221.11843977376793, 
105.36156078510282, 191.16642432422654, 
107.67663386033419, 180.04207207384735, 
89.65448887863657, 179.63164738412257, 
101.944066513863, 204.78410107730775, 
101.44699147579038, 199.01215105655234, 
96.84587563163475, 178.42415902600558, 
100.47715493457609, 207.79107398049615, 
99.41650794165975, 201.74542250593927, 
98.32729875124495, 188.46577393171302, 
95.52753796086492, 198.28319191792298, 
108.31271170244007, 191.58516884426479, 
102.95360756792334, 186.82925782620092, 
103.06721056372831, 183.4183925509707, 
100.15065888192743, 205.46233283276362, 
95.89101857667711, 200.05472312507075, 
99.08052722065835, 212.0501762500073, 
95.46597258929974, 187.43154869296515, 
97.79999283675296, 198.73971253980798, 
97.40975693357058, 181.85948625876372, 
93.61997114075696, 190.43142791069823, 
95.81101258043368, 173.63073127245974, 
103.89570878851534, 197.51675430183923, 
96.16023599384353, 191.532703664154, 
99.09678002674808, 179.40075495323555, 
90.0398167500197, 186.20831214798721, 
109.68638284667698, 180.81546428580754, 
96.19450982402657, 208.38888578516912, 
114.7900328307191, 202.88766168715074, 
99.72081863228718, 179.3010213498207, 
104.24689576641565, 188.6155434068937, 
100.85867268636217, 178.18889382627503, 
99.26045647611512, 181.4582548250176, 
111.41274152434148, 191.74285076697356, 
101.15256424938154, 187.36495438470683, 
102.2107138309924, 196.4424106678692, 
109.43754509043549, 215.0827085193482, 
107.22074798662689, 217.45524500653474, 
103.03248242753148, 209.44886262597942, 
102.34538131932966, 179.18738280315256, 
96.6564919208145, 212.80136168251738, 
111.92844443700801, 170.53172344294703, 
99.09739033538945, 173.6037059759567, 
108.12776404691257, 157.6771407499085, 
106.47572451915322, 187.906778877258, 
109.2387897809685, 183.70276878195747, 
91.6973528089394, 189.38752271444014, 
106.39196923969601, 195.00484275820938, 
105.73241868461233, 203.21585165345272, 
106.73578557466217, 198.4242383983666, 
104.50736645917027, 201.6004468414094, 
99.76967285588331, 187.80749095501855, 
99.6201643304777, 184.93078957032532, 
95.34763676308839, 167.7745623370326, 
103.34527803831035, 192.8827404451012, 
103.97338715195595, 204.80017022894896, 
110.28790122586855, 201.67440526701972, 
104.26552149927566, 216.91220916517068, 
107.28449482351311, 205.50211676906127, 
82.91625426879392, 171.97020739040303, 
100.46143862786742, 212.98776656105306, 
85.99808027952429, 189.37654932531015, 
101.82186317714643, 216.92532940049082, 
99.71645126930903, 162.1645571297812, 
94.21591424828593, 157.94036341272823, 
104.33806908221398, 188.20278828467582, 
101.27084917793235, 183.83695374526826, 
102.57363640084289, 194.46838052919512, 
97.12810840830977, 205.58571933682367, 
100.19968420330012, 193.93052294167862, 
108.63935237007581, 209.6282951972645, 
98.9179991461969, 196.92570683732774, 
113.53370885717976, 200.69572976314996, 
105.72805134578208, 204.87421321119578, 
103.80875392569797, 204.39863213067545, 
89.33232099034737, 194.18778944558642, 
99.99858902297782, 241.36336572312518, 
110.28291968751495, 192.58508324152538, 
106.69643891571661, 204.82954099976806, 
107.98448876652807, 217.37895939792435, 
97.59437713949434, 201.14818341199688, 
97.34463514875243, 169.57380410811572, 
93.35916151011011, 188.15951515975243, 
89.97442074881957, 199.0762635792452, 
99.2982711390274, 196.90555839110587, 
102.14610011534997, 186.7143454200977, 
91.60506598825363, 199.69897150173134, 
95.18302067904638, 230.75301309241172, 
97.27729189212805, 201.924775843689, 
97.98068543059267, 216.45185707964913, 
106.04908031036112, 198.44857656174673, 
110.14681464031722, 158.44273857065866, 
95.53828670401953, 205.85118749912934, 
100.78518221193353, 158.1918806454815, 
104.79125720746453, 205.88124130712495, 
107.85222869753372, 175.8882665076567, 
105.71738008294136, 206.9624403227559, 
96.92631353975864, 194.68979068018092, 
106.05196279804892, 195.52821969836205, 
102.61853339272248, 166.49225913405874, 
90.86536559488691, 180.92525828216674, 
104.54172293652383, 172.54114260606238, 
109.75381409290023, 214.22968824984318, 
97.77553983145556, 220.49751440017707, 
109.26794806394408, 205.51612582528782, 
110.80169916349368, 194.57985805912247, 
102.48108050271148, 197.07478091707765, 
106.72093998959681, 214.4453319922442, 
97.83213312676905, 183.65213963201987, 
114.36989461172347, 205.4844694545844, 
100.9954262095988, 187.7903807193677, 
103.98424356826897, 197.8912437129368, 
100.93398466976986, 200.7289199940442, 
106.0241079935621, 138.16592145026135, 
92.46391458632185, 207.46286816102105, 
106.19220933483831, 165.79503272796225, 
96.34274300051464, 206.83653987533847, 
104.50913827061191, 194.56862860640038, 
106.15734389222443, 212.36043489521498, 
102.35586524743454, 168.221752579719, 
98.29726212168066, 216.15850800728694, 
105.00512450460488, 184.8140866753175, 
103.83773367747123, 188.32095503245108, 
116.3174669129613, 173.4404538532621, 
103.24674078624442, 168.95502053288064, 
108.34794488073791, 171.3519082350975, 
104.23867773927373, 179.2436596199856, 
90.258874371462, 195.99748406267142, 
115.04844647918563, 171.3135237962745, 
90.02360923515404, 204.1693434299671, 
98.04229992576565, 208.56997170507196, 
96.50986442537457, 188.1355334890668, 
108.75983335275528, 171.38770128292657, 
109.52270235527692, 168.43264618557723, 
101.50438483920803, 153.64994331268218, 
106.58421176342809, 195.96883524275742, 
109.56619871281072, 209.74686289230362, 
68.0, 181.46155768759036, 
68.0, 187.31988687549548, 
68.0, 183.81703624925353, 
68.0, 180.0682623303815, 
68.0, 183.93866490769483, 
68.0, 186.41612518590313, 
68.0, 188.70612333842806, 
68.0, 181.81687542280423, 
68.0, 186.46045626651673, 
68.0, 185.62796195060344, 
68.0, 192.00943665377227, 
68.0, 190.47961955896633, 
68.0, 186.48968525860488, 
68.0, 187.5609167411394, 
68.0, 186.20914810120487, 
68.0, 181.1098510702036, 
68.0, 182.89747078324513, 
68.0, 184.94142276942716, 
68.0, 190.07457728997068, 
68.0, 184.99742489721328, 
68.0, 185.92206936005343, 
68.0, 192.25419780892702, 
68.0, 185.78612128554343, 
68.0, 189.665799123292, 
68.0, 182.79514902164547, 
68.0, 188.42208581656467, 
68.0, 186.0173691614373, 
68.0, 184.85902778056027, 
68.0, 189.13337492746263, 
68.0, 184.37042715356625, 
68.0, 183.8662789639495, 
68.0, 182.46926315831527, 
68.0, 186.1058726302079, 
68.0, 186.43916182038234, 
68.0, 184.12723893429444, 
68.0, 181.5480522891197, 
68.0, 184.30867920006494, 
68.0, 191.15607845323228, 
68.0, 182.52557020480054, 
68.0, 189.13870129669968, 
68.0, 190.210759245475, 
68.0, 183.0946831047511, 
68.0, 188.69542373997785, 
68.0, 181.93445498995285, 
68.0, 187.597494612506, 
68.0, 187.9339400543705, 
68.0, 182.70520448573714, 
68.0, 178.98387116731155, 
68.0, 189.93369024086587, 
68.0, 186.39338125047828, 
68.0, 188.01491119886583, 
68.0, 182.92644650065523, 
68.0, 185.6328337161917, 
68.0, 185.44728044550195, 
68.0, 178.38637555178016, 
68.0, 188.2704314473376, 
68.0, 179.1419821424007, 
68.0, 191.46779952742753, 
68.0, 192.25551598381327, 
68.0, 187.1006628962053, 
68.0, 181.98105563925955, 
68.0, 188.53097076952997, 
68.0, 188.09977937939874, 
68.0, 184.29254926423323, 
68.0, 186.03199682297156, 
68.0, 186.16652016399848, 
68.0, 185.78777273286363, 
68.0, 186.85866485984928, 
68.0, 194.41503024106882, 
68.0, 188.91824506966887, 
68.0, 187.88470622014398, 
68.0, 188.71277258781492, 
68.0, 190.50457675097985, 
68.0, 189.32534388998778, 
68.0, 187.21938750550194, 
68.0, 185.86819049942596, 
68.0, 182.8203355357728, 
68.0, 188.80858503539986, 
68.0, 186.88599843031855, 
68.0, 184.04805113250328, 
68.0, 185.31493041687116, 
68.0, 185.106740253983, 
68.0, 182.52716685166652, 
68.0, 180.15245823716228, 
68.0, 181.23314043067126, 
68.0, 189.1083747043629, 
68.0, 184.34320019232007, 
68.0, 190.6709081510554, 
68.0, 183.77749673777626, 
68.0, 185.38865344468448, 
68.0, 181.49413554612659, 
68.0, 187.31569723705636, 
68.0, 190.85881825750582, 
68.0, 185.60255606704538, 
68.0, 187.83355691954688, 
68.0, 187.41300932006715, 
68.0, 181.38535484615994, 
68.0, 192.74389723812718, 
68.0, 181.0056994941032, 
68.0, 184.27932613061807, 
68.0, 186.9729976769996, 
68.0, 184.6127834005877, 
68.0, 180.7063324871956, 
68.0, 183.40518194868656, 
68.0, 186.2247831444131, 
68.0, 184.4341091074012, 
68.0, 187.09111439230395, 
68.0, 191.01448934415478, 
68.0, 193.19201443013873, 
68.0, 187.33248180214292, 
68.0, 183.8816696980016, 
68.0, 184.54415128282045, 
68.0, 188.15926326729968, 
68.0, 189.7124472916793, 
68.0, 187.86645679468117, 
68.0, 189.46352056835008, 
68.0, 186.0851976160817, 
68.0, 182.96992916944967, 
68.0, 184.45962673038315, 
68.0, 186.7199993159055, 
68.0, 182.78757136250212, 
68.0, 191.23992365571593, 
68.0, 186.66715576436317, 
68.0, 186.38210365672506, 
68.0, 186.70102127742717, 
68.0, 182.39395463278606, 
68.0, 185.75976799852754, 
68.0, 187.57935718500704, 
68.0, 183.71851897340295, 
68.0, 188.3083545924966, 
68.0, 189.0857760219123, 
68.0, 186.40131864988376, 
68.0, 193.61292589482863, 
68.0, 184.8359106543499, 
68.0, 190.24022140809137, 
68.0, 189.0826591306341, 
68.0, 181.5381029955002, 
68.0, 184.68777836388946, 
68.0, 181.1417996412659, 
68.0, 189.8054850399395, 
68.0, 188.28239862481973, 
68.0, 182.5766264331965, 
68.0, 184.73078017613437, 
68.0, 186.84992493284224, 
68.0, 187.727196931594, 
68.0, 181.29531086777646, 
68.0, 188.8730402449833, 
68.0, 183.73440297646545, 
68.0, 189.17764405949512, 
68.0, 189.47934217047361, 
68.0, 185.61219267752304, 
68.0, 187.60593950534485, 
68.0, 184.16016395083045, 
68.0, 187.49178264207902, 
68.0, 184.95646499577205, 
68.0, 179.51691377491673, 
68.0, 185.82622969892094, 
68.0, 185.5262848994733, 
68.0, 185.45370058566425, 
68.0, 189.31414524668514, 
68.0, 180.13476460636693, 
68.0, 179.4157845508803, 
68.0, 187.15139203637642, 
68.0, 189.60223002105602, 
68.0, 191.47881214393468, 
68.0, 190.42828999470407, 
68.0, 185.48000080378077, 
68.0, 187.29565354420538, 
68.0, 184.9155995825158, 
68.0, 184.5636801947187, 
68.0, 188.65232418927556, 
68.0, 184.32538559972943, 
68.0, 184.58192859902522, 
68.0, 183.8881925267012, 
68.0, 183.97010571354502, 
68.0, 184.7618148092974, 
68.0, 187.47776226293436, 
68.0, 185.22703809724186, 
68.0, 188.0228419612465, 
68.0, 186.47363058022674, 
68.0, 187.40654778545814, 
68.0, 186.53758073465315, 
68.0, 188.38601809816592, 
68.0, 191.20553204705823, 
68.0, 184.5607070956501, 
68.0, 190.207688985672, 
68.0, 183.9494397096647, 
68.0, 184.66017767391267, 
68.0, 190.5974274010181, 
68.0, 181.35716050120294, 
68.0, 178.0155539356336, 
68.0, 186.81670335146185, 
68.0, 182.3223889373114, 
68.0, 185.7689525574121, 
68.0, 187.4900150533148, 
68.0, 188.9124644248946, 
68.0, 185.95353593109743, 
68.0, 183.1801565377033, 
68.0, 189.161689340176, 
68.0, 183.50569815394815, 
68.0, 183.7342437886869, 
68.0, 180.32968328421447, 
68.0, 186.83827295985645, 
68.0, 187.21349184908337, 
68.0, 187.49412558714246, 
68.0, 182.1067838351844, 
68.0, 187.2060046293354, 
68.0, 185.01526210932624, 
68.0, 182.76521655650714, 
68.0, 188.40344048010525, 
68.0, 185.45924690875438, 
68.0, 187.65043207833938, 
68.0, 183.966489680338, 
68.0, 181.83696050150073, 
68.0, 194.26220064730117, 
68.0, 187.3325890940493, 
68.0, 182.42707280008725, 
68.0, 191.24885389510828, 
68.0, 189.0111501460473, 
68.0, 183.8465164918126, 
68.0, 179.330889337469, 
68.0, 184.78101805203266, 
68.0, 189.21733885211452, 
68.0, 186.69055016114325, 
68.0, 182.81004935465575, 
68.0, 181.49120900405632, 
68.0, 185.08870374884404, 
92.24690672430918, 179.50345715583933, 
78.23507837269698, 156.83851116673887, 
98.4233002349626, 158.28498162241618, 
95.46389287593368, 151.3076122853048, 
75.78689914067347, 168.33760906035565, 
101.8019443048129, 152.88491892271662, 
86.40975734438913, 169.26980060368354, 
82.96261671398676, 151.41053157639698, 
98.23297259238674, 141.49064513806832, 
86.90452082418848, 154.8815518958384, 
93.4499860294487, 148.36992420156275, 
93.29183462495544, 162.41687974600117, 
105.59038840281633, 156.959410322542, 
95.80643458268321, 147.79828240746986, 
87.09042867941808, 153.38827525732427, 
77.28668873377231, 169.44043107192502, 
90.54785009026673, 163.5851733666186, 
102.78233600358679, 144.9677987379955, 
73.61965825952078, 159.6144003078881, 
87.40470402997485, 151.07843507595956, 
88.7103821449947, 153.5477680775466, 
92.84276748709837, 144.36934894152225, 
73.1183354681092, 159.17080891203787, 
96.51885489106664, 155.755539845061, 
72.06142307028782, 156.5730554951072, 
86.83353222627746, 143.99759796185057, 
89.85973945704602, 146.30154306697438, 
81.07522499125587, 156.42812831582037, 
83.16351816050175, 187.07864797530056, 
82.71049846278123, 180.38881837658698, 
72.96815814199256, 167.2307669397875, 
92.02205501537904, 163.55152797931822, 
70.19537333941967, 166.66733088389128, 
95.50106541219309, 151.58731980319882, 
98.05898607332493, 156.09117770026415, 
115.4794117966366, 143.47941258581994, 
87.16857776919497, 155.0718189896987, 
74.09080996151725, 161.69045660226936, 
102.40363629111208, 159.83258891353935, 
87.05844595930043, 167.06400817948628, 
88.0593941841501, 149.408097486981, 
89.0707609169887, 150.35928664856263, 
94.49894477231554, 162.66436122055705, 
84.90024756409531, 150.31267950663678, 
102.7223908166427, 134.85242452927855, 
97.26043750043499, 137.2687245110848, 
96.84111590101293, 137.6690868283226, 
94.96436175836973, 149.38923619417085, 
92.0622505206554, 139.9302819021097, 
95.47787093612125, 147.3382917166278, 
84.46983337133024, 170.32492369179909, 
90.42565501546639, 154.13489266996538, 
66.3453800515757, 171.36980091662986, 
94.66809595244851, 155.89348820514098, 
99.11652275015652, 154.83913661432152, 
81.3358587343203, 157.74498857570674, 
85.55855162050916, 151.2158184137459, 
86.23273196291923, 148.3183796612839, 
87.07239810074603, 174.83185277809758, 
94.23417320524356, 157.88203715035243, 
76.08667399416528, 154.47024930962468, 
94.04969190516839, 151.98906502072808, 
89.09325787063645, 155.76257470943747, 
79.23448665250345, 156.72221654654032, 
84.13342105392313, 146.02142463044382, 
77.5279634040856, 157.15175879070603, 
100.64418403953887, 140.63260189271938, 
89.18765265488591, 161.9139075685776, 
72.89334914515578, 155.78739721405114, 
94.31805915044308, 143.6918432138252, 
96.57256144126937, 151.42513584484686, 
79.18088547364538, 159.0270860907072, 
80.31323742198359, 153.09859610138753, 
91.86376720451058, 176.08288264543074, 
95.37549899271097, 144.3704777477405, 
86.1385252598853, 163.6447775445239, 
96.30341902798409, 156.46018546392298, 
81.35967750594226, 149.71364450596033, 
109.80272145203126, 152.62681685234767, 
96.9046560076174, 139.10327146084325, 
111.34946220566782, 134.13845998167943, 
77.48753827749081, 152.72228646759677, 
74.0586756800844, 179.65179727673893, 
63.92821306032218, 167.79903372022602, 
85.99552403509595, 145.2318649226947, 
83.79531952995445, 169.14914243863652, 
88.73220555403105, 154.20201756500282, 
